Eccentricity: 0.05, chirp mass 50: Completed in 1049.6704058647156 seconds.
Eccentricity: 0.1, chirp mass 50: Completed in 905.9366738796234 seconds.
Eccentricity: 0.2, chirp mass 50: Completed in 1058.8096151351929 seconds.
