Eccentricity: 0.05, chirp mass 50: Completed in 7.506056070327759 seconds.
Eccentricity: 0.1, chirp mass 50: Completed in 7.4273681640625 seconds.
Eccentricity: 0.2, chirp mass 50: Completed in 7.1110780239105225 seconds.
